loc:
  world: world
  x: -214.1553527798164
  y: 67.0
  z: 0.537966499811739
  yaw: -95.580505
  pitch: 1.109151
