loc:
  world: world
  x: 8.465669339403503
  y: -60.0
  z: 8.602948052797716
  yaw: 3.1782517
  pitch: 10.133419
